2.640000000000000000e+02 4.860000000000000000e+02
2.940000000000000000e+02 5.530000000000000000e+02
3.340000000000000000e+02 5.290000000000000000e+02
3.340000000000000000e+02 5.870000000000000000e+02
1.790000000000000000e+02 2.890000000000000000e+02
3.160000000000000000e+02 3.210000000000000000e+02
4.270000000000000000e+02 3.610000000000000000e+02
4.930000000000000000e+02 3.630000000000000000e+02
4.410000000000000000e+02 3.910000000000000000e+02
4.950000000000000000e+02 4.080000000000000000e+02
5.340000000000000000e+02 4.080000000000000000e+02
5.660000000000000000e+02 4.120000000000000000e+02
5.920000000000000000e+02 4.120000000000000000e+02
4.550000000000000000e+02 4.020000000000000000e+02
