6.100000000000000000e+02 5.250000000000000000e+02
6.510000000000000000e+02 5.590000000000000000e+02
6.890000000000000000e+02 5.370000000000000000e+02
6.890000000000000000e+02 5.950000000000000000e+02
5.360000000000000000e+02 2.990000000000000000e+02
6.690000000000000000e+02 3.270000000000000000e+02
7.820000000000000000e+02 3.690000000000000000e+02
8.750000000000000000e+02 3.750000000000000000e+02
7.960000000000000000e+02 4.000000000000000000e+02
8.680000000000000000e+02 4.180000000000000000e+02
9.090000000000000000e+02 4.220000000000000000e+02
9.590000000000000000e+02 4.280000000000000000e+02
9.870000000000000000e+02 4.280000000000000000e+02
8.080000000000000000e+02 4.120000000000000000e+02
