228 229 239 253 268 286 310 334 354 371 387 393 397 375 362 352 335 330 343 355 365 251 264 275 285 294 282 273 260 322 335 364 382 391 300 290 259 242 233 262 304 310 317 359 325 312 299 304 300 288 282 297 312 325 340 335 325 323 1 1 639 639
310 326 348 372 394 410 420 412 395 373 348 330 311 248 241 241 244 250 250 250 250 247 239 237 241 249 249 248 248 233 222 218 225 244 234 222 217 222 242 322 329 331 330 325 351 353 351 248 277 284 300 307 311 308 301 284 277 250 1 479 1 479
276 277 283 294 306 325 351 381 399 411 426 431 435 411 402 391 382 373 382 391 402 297 304 313 323 333 324 315 304 377 390 407 420 426 330 315 297 289 282 315 346 355 364 395 373 356 339 341 340 330 328 331 354 375 378 377 369 366 1 1 639 639
318 340 359 377 395 413 420 415 399 380 359 337 317 279 275 273 275 279 280 284 283 277 273 271 273 277 282 283 282 256 252 252 256 264 255 250 248 250 259 351 353 355 352 348 370 375 371 284 306 315 327 332 339 331 326 315 305 284 1 479 1 479
225 228 239 259 277 301 318 337 355 370 392 399 400 370 362 353 343 333 343 353 362 257 267 278 288 295 289 277 268 332 340 367 379 385 300 295 270 253 243 272 308 317 322 357 329 315 302 307 306 296 295 304 317 325 336 336 330 325 1 1 639 639
270 296 319 348 366 379 384 377 366 349 317 297 273 221 216 214 217 224 224 225 224 218 214 213 216 222 224 222 221 204 195 193 197 208 204 196 190 191 200 298 301 302 301 297 320 323 320 221 246 259 270 277 282 277 275 260 253 222 1 479 1 479
259 264 270 284 302 320 339 366 382 395 402 407 411 391 382 375 367 357 370 375 385 280 286 296 305 315 306 296 288 353 368 388 398 404 318 302 282 271 262 303 328 337 347 373 353 339 327 327 320 314 315 328 336 342 355 355 347 344 1 1 639 639
299 320 340 356 368 377 379 374 361 348 333 318 298 241 237 234 235 240 244 244 244 241 236 233 235 242 243 245 245 217 215 212 216 233 221 214 213 217 231 319 304 308 304 320 331 330 331 244 267 275 286 289 292 289 285 273 264 244 1 479 1 479
214 220 227 238 257 277 308 339 360 377 390 399 402 380 373 362 350 339 349 360 371 250 258 269 277 286 277 268 258 340 360 372 384 391 290 276 261 249 236 262 291 311 330 360 331 309 289 302 298 290 285 291 313 333 341 338 329 325 1 1 639 639
293 317 341 362 382 398 406 397 382 367 346 318 298 239 237 235 235 240 243 245 243 235 233 232 235 242 244 244 242 218 212 209 213 219 217 211 205 208 214 318 313 316 314 319 346 348 344 244 274 276 286 299 309 297 288 277 273 243 1 479 1 479
207 212 219 236 254 270 304 337 357 370 383 388 391 366 360 347 335 326 335 346 359 236 246 255 265 275 264 255 246 322 335 360 371 377 282 268 244 228 219 254 296 306 312 348 324 306 290 290 288 276 277 289 304 318 328 327 315 313 1 1 639 639
294 315 337 358 374 383 389 384 368 353 334 313 290 229 223 219 223 228 233 235 235 232 225 221 226 233 235 237 237 208 197 198 205 213 207 195 195 202 213 313 308 309 307 317 333 335 331 221 257 270 282 290 293 288 284 267 254 224 1 479 1 479
234 237 242 255 271 297 326 353 373 391 406 412 415 396 384 372 362 353 362 374 384 262 273 285 297 306 295 286 273 351 368 394 402 411 312 302 267 250 244 284 325 330 337 371 340 330 315 319 314 307 302 313 331 343 353 352 344 343 1 1 639 639
304 326 346 366 388 409 416 410 393 368 347 324 308 250 244 239 242 248 251 253 254 245 238 236 239 249 250 250 248 230 217 218 221 231 230 219 213 217 231 334 337 339 336 331 354 356 352 246 283 290 303 310 318 313 307 292 281 246 1 479 1 479
204 211 226 244 267 281 308 328 340 358 374 383 396 362 353 343 333 321 332 344 352 230 242 253 264 273 265 252 242 320 330 360 375 383 277 264 230 219 213 256 288 304 319 355 325 308 291 287 286 269 268 283 302 317 335 337 326 316 1 1 639 639
308 326 350 366 384 391 399 394 382 369 351 339 308 221 216 213 216 224 225 226 226 227 218 215 219 225 229 231 230 197 189 187 195 209 199 191 191 200 215 312 306 308 303 306 331 337 334 224 260 268 283 288 296 286 284 270 259 224 1 479 1 479
233 240 250 267 286 306 328 349 367 384 399 407 411 383 376 365 355 344 353 364 375 259 269 280 290 297 287 277 270 336 345 377 393 404 304 291 264 253 244 277 306 323 335 370 350 325 297 311 309 295 294 307 321 333 350 349 340 334 1 1 639 639
293 311 327 344 355 364 367 362 353 337 322 308 286 201 197 194 196 202 204 205 204 206 199 197 201 206 206 207 207 185 174 171 178 191 187 175 173 180 194 288 279 280 278 284 305 311 308 198 235 239 258 259 263 257 257 242 231 201 1 479 1 479
268 271 274 282 298 317 346 377 396 409 421 428 429 413 404 394 384 373 384 395 402 291 300 311 321 333 320 311 300 373 389 402 415 422 334 317 301 291 280 304 342 354 365 400 370 356 337 344 340 328 324 339 354 369 380 377 371 367 1 1 639 639
293 313 331 346 371 388 399 389 369 352 332 308 294 242 238 235 238 244 247 248 246 242 237 237 240 246 247 248 246 216 206 207 211 222 218 209 208 213 222 317 310 312 309 314 353 355 353 241 273 277 289 296 299 297 288 280 275 244 1 479 1 479
280 286 299 313 327 348 370 394 411 428 442 453 457 443 433 420 410 402 410 420 431 306 311 322 333 339 331 323 313 395 419 433 442 451 343 322 306 295 288 324 360 374 385 420 397 375 355 360 357 348 347 351 373 394 402 400 393 387 1 1 639 639
302 321 340 357 369 384 390 388 372 359 340 319 305 224 218 213 217 221 224 225 226 223 217 214 215 222 224 224 224 196 189 188 194 210 198 191 191 197 213 310 297 299 299 311 340 344 340 229 257 262 272 279 283 279 273 264 259 228 1 479 1 479
272 276 284 306 326 347 373 399 419 440 458 462 468 443 434 420 413 405 415 425 434 313 324 333 342 351 342 331 323 403 415 445 455 458 359 353 322 306 302 320 367 373 381 417 390 373 360 367 360 348 347 362 372 387 399 402 392 395 1 1 639 639
306 330 354 378 393 402 406 402 389 370 344 317 290 269 262 259 262 268 271 274 271 248 243 246 249 259 260 259 254 252 237 241 248 258 242 230 222 225 233 330 337 340 338 340 360 359 360 265 290 297 311 314 320 317 318 302 295 268 1 479 1 479
226 233 246 268 288 314 340 368 389 411 425 433 439 408 403 390 375 366 377 389 401 266 276 288 301 313 304 289 278 363 381 400 413 432 314 297 275 259 240 294 327 340 355 384 355 341 326 326 321 312 309 317 339 364 371 368 362 356 1 1 639 639
305 328 355 379 393 404 407 402 391 372 354 330 300 219 212 208 212 221 223 223 223 219 213 209 211 220 223 223 222 196 188 188 194 215 199 185 185 190 215 316 306 309 306 315 331 332 330 227 257 266 277 284 289 286 273 262 254 225 1 479 1 479
213 217 229 250 270 292 311 328 350 370 382 394 399 371 363 351 341 329 340 350 360 240 250 260 273 284 274 259 250 327 348 369 381 390 286 260 237 224 216 259 298 310 320 353 327 313 297 297 290 278 275 292 309 323 340 338 330 322 1 1 639 639
294 323 350 371 389 401 402 399 386 367 348 322 288 233 228 222 224 230 235 239 237 235 227 224 228 234 240 241 242 208 201 195 205 219 210 202 198 207 221 326 320 324 319 324 356 359 357 241 270 280 293 300 302 299 291 274 269 241 1 479 1 479
210 213 228 250 270 291 318 344 364 382 399 411 415 391 382 365 353 346 355 366 378 249 260 275 284 297 285 271 260 337 350 380 397 408 300 284 254 240 231 269 310 319 327 368 347 320 303 308 304 286 288 303 319 333 348 346 333 332 1 1 639 639
302 331 360 388 411 426 429 421 407 386 360 332 310 246 240 236 239 246 250 249 250 241 235 233 237 244 246 246 245 233 216 211 217 233 222 211 205 213 227 337 335 338 332 331 355 362 359 241 276 287 306 308 314 310 305 285 277 242 1 479 1 479
210 218 231 250 272 292 335 370 391 410 422 428 431 406 397 381 365 358 370 382 395 249 259 274 286 297 285 274 259 358 372 391 404 415 298 277 257 241 233 272 312 330 347 381 357 335 305 319 311 296 294 313 332 346 364 367 354 344 1 1 639 639
300 332 357 381 398 411 417 404 382 357 333 311 293 233 229 226 229 238 238 238 237 236 230 226 227 236 241 242 240 213 206 198 205 219 214 205 200 206 221 330 323 324 321 328 352 358 351 239 272 276 290 300 308 304 296 277 272 239 1 479 1 479
253 256 262 274 287 303 331 356 379 391 403 406 411 390 382 372 363 357 363 371 381 280 285 299 308 314 306 296 288 353 365 377 386 399 315 304 294 283 273 288 317 331 346 377 353 334 313 325 323 310 305 322 332 342 358 356 349 346 1 1 639 639
273 293 308 325 341 350 353 348 335 319 307 293 276 212 206 203 204 212 213 214 214 210 204 202 206 210 214 216 214 197 191 190 186 196 193 192 189 190 196 278 268 273 269 279 302 304 301 214 238 239 249 255 258 256 253 242 236 212 1 479 1 479
250 251 257 271 285 304 331 363 381 395 415 427 433 406 398 386 374 365 377 388 398 275 281 292 307 320 307 295 286 367 382 402 413 419 318 306 287 274 264 295 331 339 356 384 365 339 320 331 326 314 313 322 341 354 366 365 353 352 1 1 639 639
295 310 336 358 375 394 403 401 385 367 348 325 295 242 233 229 233 244 247 246 244 245 233 230 233 244 247 249 248 219 213 210 213 223 219 214 213 216 230 327 324 328 323 329 357 364 360 248 277 284 299 302 313 307 301 285 278 249 1 479 1 479
255 259 271 283 307 330 359 387 403 422 439 450 457 426 412 399 389 377 389 402 413 275 286 299 311 322 312 299 288 366 382 404 422 440 324 302 282 268 259 297 342 350 359 413 374 357 337 334 330 322 322 334 348 360 376 377 367 363 1 1 639 639
326 342 362 377 397 408 413 409 393 379 362 340 310 237 230 227 230 237 240 240 239 246 235 231 235 242 246 249 250 213 198 195 199 223 215 201 201 209 228 329 319 320 319 319 354 356 357 239 270 280 296 298 304 299 293 279 271 239 1 479 1 479
200 206 218 233 253 278 301 327 352 369 384 389 394 364 349 337 328 319 331 341 353 222 233 247 257 271 256 245 233 310 324 359 371 381 272 259 226 213 204 248 278 299 311 351 320 301 284 282 279 269 270 280 299 315 328 329 317 310 1 1 639 639
295 324 349 371 393 408 408 405 386 364 341 320 292 228 223 222 228 232 235 233 233 233 226 225 228 234 237 237 238 203 191 188 195 219 202 195 193 201 224 319 310 312 309 313 347 349 346 234 263 273 288 290 298 291 287 269 264 233 1 479 1 479
224 229 241 258 276 304 322 349 373 389 404 415 416 391 381 370 359 350 364 374 385 257 266 279 286 296 285 272 262 339 352 367 379 393 300 286 270 258 248 270 314 326 341 380 342 322 308 312 305 293 291 313 324 337 355 356 342 336 1 1 639 639
304 335 366 393 417 433 433 431 410 384 362 331 302 255 248 247 252 259 261 260 258 254 248 245 251 258 260 260 259 239 231 231 232 239 236 229 227 231 234 344 342 346 342 344 372 373 373 267 301 306 320 326 328 325 322 302 299 265 1 479 1 479
228 237 244 261 277 295 326 350 373 388 404 415 417 390 378 367 355 346 359 372 381 254 262 273 282 296 281 270 260 340 366 385 399 407 300 284 266 249 236 282 319 324 332 368 342 327 310 309 306 296 297 312 323 334 348 353 343 337 1 1 639 639
302 327 352 375 391 406 408 402 389 367 349 325 298 235 229 227 231 238 241 242 241 237 231 229 233 242 245 244 243 215 201 204 207 221 217 204 203 206 222 333 321 323 319 328 357 359 359 242 271 282 296 300 302 299 299 280 271 241 1 479 1 479
249 250 259 273 286 304 333 366 395 416 429 438 442 417 410 396 383 371 383 396 408 284 293 305 317 325 315 303 291 369 391 410 423 428 326 304 284 268 264 295 330 340 351 385 357 339 322 337 327 317 311 322 342 357 368 374 367 360 1 1 639 639
306 336 357 382 400 422 437 432 413 391 366 340 313 273 264 261 265 275 279 282 277 268 259 261 265 276 279 279 275 255 246 245 248 259 251 244 241 241 255 355 354 359 357 367 382 382 377 280 317 313 324 335 343 340 340 324 317 281 1 479 1 479
235 241 253 270 291 313 337 364 384 399 412 420 424 405 392 377 368 360 373 387 395 264 269 282 291 300 292 284 274 354 365 395 407 415 313 302 265 251 244 290 321 333 347 379 362 335 317 320 317 306 306 318 334 349 359 358 351 345 1 1 639 639
305 326 357 382 404 417 419 412 399 378 353 325 300 240 233 229 235 241 245 245 242 245 233 231 233 242 245 245 245 222 214 210 216 229 222 212 207 217 227 339 326 332 330 332 363 377 371 235 276 286 304 306 313 304 304 283 276 235 1 479 1 479
218 221 235 254 274 297 318 340 356 374 393 407 413 386 381 367 351 344 355 365 376 246 252 264 278 287 278 265 253 335 345 375 390 398 292 279 251 242 232 254 304 318 328 374 335 318 300 302 297 281 283 296 312 332 346 349 331 329 1 1 639 639
306 325 353 375 391 407 410 403 393 376 353 325 302 226 220 217 219 226 230 231 229 228 219 215 219 229 233 234 234 212 200 198 202 215 210 197 194 199 213 311 303 304 301 309 346 351 351 222 251 266 282 283 288 283 283 264 251 226 1 479 1 479
212 217 224 235 259 285 312 333 356 375 391 401 404 362 353 342 329 323 335 346 357 239 248 258 271 281 271 260 251 325 335 356 373 384 282 269 249 234 222 270 300 307 317 352 328 318 299 291 288 275 275 292 304 321 335 336 323 316 1 1 639 639
297 321 347 366 392 409 410 406 393 371 350 322 298 227 225 224 229 239 240 240 236 241 233 229 233 243 247 246 246 218 208 204 210 225 222 214 213 218 230 334 320 323 319 325 335 339 340 236 264 276 295 299 303 296 290 273 268 237 1 479 1 479
224 239 255 270 287 312 340 371 387 405 419 430 436 395 389 376 362 351 363 372 384 255 264 275 283 296 284 277 267 342 357 371 386 407 295 276 263 246 238 282 314 330 345 379 353 337 322 308 310 297 295 311 330 345 358 355 344 337 1 1 639 639
315 336 350 366 380 393 397 386 365 340 324 306 284 222 211 207 207 216 220 222 222 226 219 213 215 221 225 227 228 195 186 179 179 209 198 190 188 197 220 315 302 305 299 304 340 344 343 230 255 260 279 282 286 281 275 253 251 226 1 479 1 479
230 231 239 253 267 295 330 370 393 410 427 433 437 394 385 377 370 363 370 375 382 274 278 287 295 301 297 288 282 357 367 388 407 414 315 311 291 277 261 278 319 325 334 380 351 330 310 319 313 301 299 313 328 341 358 364 350 345 1 1 639 639
278 309 331 357 378 400 407 399 380 360 338 320 290 235 232 231 232 234 236 237 237 232 230 228 229 231 233 234 234 211 201 202 213 219 210 199 197 196 210 311 311 312 312 318 336 336 333 236 262 265 280 285 291 288 288 273 264 238 1 479 1 479
217 222 234 252 271 295 313 337 359 376 393 402 406 366 359 347 335 324 335 347 357 237 246 259 269 282 270 260 251 313 333 355 371 380 286 259 239 230 226 272 291 307 326 351 332 311 289 290 288 279 279 290 304 315 330 331 320 314 1 1 639 639
302 330 358 377 394 408 414 408 393 372 346 320 295 244 239 237 241 249 250 250 249 260 252 246 248 253 256 259 260 238 222 219 224 239 239 230 231 240 253 339 331 331 329 329 351 359 353 251 280 293 308 310 318 310 306 289 279 249 1 479 1 479
157 160 166 180 204 227 255 288 319 340 355 360 365 340 331 320 306 295 308 320 333 195 209 223 235 248 230 219 206 291 309 333 352 360 255 231 208 195 177 217 250 268 284 308 282 266 244 257 250 241 246 256 270 284 295 294 284 280 1 1 639 639
286 318 357 391 421 440 453 452 429 397 369 340 302 259 248 242 246 257 262 265 264 253 243 239 244 255 259 259 257 235 219 218 228 245 231 213 213 218 233 349 333 337 335 353 374 378 375 255 288 299 308 313 316 314 309 298 285 254 1 479 1 479
251 253 261 277 293 310 333 355 369 386 401 408 411 389 381 373 361 353 360 373 381 268 279 291 299 308 298 287 278 346 358 383 394 400 313 306 273 266 260 292 325 330 337 370 348 330 317 320 316 306 304 318 331 342 355 355 346 343 1 1 639 639
288 311 335 359 379 393 397 393 379 360 337 311 286 233 228 226 228 235 237 237 236 237 230 228 231 237 240 241 242 217 208 204 212 224 221 211 210 216 228 310 310 311 310 308 320 324 322 238 264 274 288 289 293 289 289 273 263 239 1 479 1 479
227 230 242 255 278 302 322 342 366 388 400 410 415 386 377 365 353 344 358 368 378 251 260 273 284 292 282 270 260 342 358 382 395 404 292 276 256 244 238 269 308 320 337 368 341 324 306 307 302 292 288 302 319 333 346 347 335 332 1 1 639 639
319 346 372 391 411 417 416 413 404 391 369 348 317 233 223 219 223 233 235 234 234 232 222 217 224 231 232 234 234 209 199 198 205 217 203 195 195 201 213 326 319 320 315 324 350 355 350 235 267 275 292 294 302 294 291 277 268 237 1 479 1 479
245 246 253 273 297 319 340 360 379 400 419 429 430 390 382 374 364 355 365 378 384 273 280 290 302 310 301 291 281 358 369 394 408 413 314 308 271 262 255 295 328 340 351 376 353 339 322 322 319 310 308 320 336 349 361 362 352 348 1 1 639 639
293 319 348 366 386 399 400 396 386 371 355 327 294 239 235 234 236 245 244 244 244 241 235 232 235 242 246 246 244 221 213 213 219 228 225 215 208 216 226 332 322 324 321 330 344 348 344 244 275 284 297 299 307 297 297 283 277 249 1 479 1 479
210 213 226 241 262 286 307 330 346 362 377 394 403 377 371 361 349 339 349 358 368 248 257 267 278 287 277 267 257 343 350 381 390 397 290 280 250 239 231 259 302 308 314 353 321 308 298 297 296 283 281 295 310 322 332 333 323 323 1 1 639 639
338 367 393 411 424 431 431 430 424 413 400 375 343 265 259 256 257 266 268 270 268 261 255 255 258 264 266 268 266 234 224 228 240 253 233 224 222 228 242 348 348 349 348 351 361 361 361 255 293 306 325 327 330 327 327 306 294 259 1 479 1 479
221 223 231 249 272 292 316 340 360 381 400 410 415 391 381 370 354 345 357 370 379 248 260 271 283 293 282 269 260 345 356 378 394 406 296 286 258 244 229 271 311 320 329 367 340 320 303 309 307 291 291 304 324 335 349 348 335 335 1 1 639 639
318 342 371 389 404 413 415 414 409 394 377 353 323 236 230 226 229 239 240 240 240 235 226 223 227 238 239 238 237 207 195 195 198 218 215 201 198 198 216 335 328 332 327 336 352 355 353 236 271 285 300 303 304 302 301 284 270 240 1 479 1 479
238 243 252 268 293 312 333 363 396 420 435 439 436 390 385 374 362 352 362 371 380 265 272 282 296 306 293 283 273 340 358 380 398 412 312 293 270 255 246 285 322 330 340 374 357 334 311 312 310 302 300 309 324 334 347 354 348 338 1 1 639 639
255 292 327 351 369 382 385 382 369 345 314 289 250 216 210 205 209 216 219 220 220 225 216 211 208 219 221 222 224 199 184 181 187 206 201 187 188 194 214 310 308 308 308 308 328 332 329 224 249 260 273 281 286 283 282 272 260 236 1 479 1 479
219 222 229 252 266 288 310 343 365 384 399 404 404 373 364 352 342 328 339 354 363 238 250 261 273 288 276 261 250 315 337 356 371 390 292 272 249 233 224 267 297 311 325 358 335 311 285 294 290 278 280 288 306 320 333 336 325 319 1 1 639 639
307 338 363 391 406 424 425 422 403 383 357 328 302 257 249 248 252 259 262 262 262 267 257 253 255 264 267 269 269 244 227 227 228 244 247 233 235 237 252 353 345 348 343 345 375 380 373 267 294 306 318 322 326 320 320 309 296 266 1 479 1 479